2.442000000000000000e+03 1.351823506393042275e-35 1.351823506393042275e-35 1.404823532028239558e-33 1.404823532028239558e-33
2.447000000000000000e+03 1.340819153847116165e-35 1.340819153847116165e-35 1.399045607003524674e-33 1.399045607003524674e-33
2.452000000000000000e+03 1.329893225821291503e-35 1.329893225821291503e-35 1.393303079285792100e-33 1.393303079285792100e-33
2.457000000000000000e+03 1.319132594156290537e-35 1.319132594156290537e-35 1.387596112957392395e-33 1.387596112957392395e-33
2.462000000000000000e+03 1.308602000882198591e-35 1.308602000882198591e-35 1.381924760674405467e-33 1.381924760674405467e-33
2.467000000000000000e+03 1.298145855469907127e-35 1.298145855469907127e-35 1.376287939787260091e-33 1.376287939787260091e-33
2.468000000000000000e+03 1.296063503331805951e-35 1.296063503331805951e-35 1.375164694737375268e-33 1.375164694737375268e-33
2.469000000000000000e+03 1.293984098202929409e-35 1.293984098202929409e-35 1.374042817535109762e-33 1.374042817535109762e-33
2.470000000000000000e+03 1.291907634973912768e-35 1.291907634973912768e-35 1.372922305963097428e-33 1.372922305963097428e-33
2.471000000000000000e+03 1.289834108546139017e-35 1.289834108546139017e-35 1.371803157808462709e-33 1.371803157808462709e-33
2.472000000000000000e+03 1.287763513831708399e-35 1.287763513831708399e-35 1.370685370862805582e-33 1.370685370862805582e-33
2.472250000000000000e+03 1.287246322638091128e-35 1.287246322638091128e-35 1.370406136556922728e-33 1.370406136556922728e-33
2.472500000000000000e+03 1.286729314279953681e-35 1.286729314279953681e-35 1.370126987154441163e-33 1.370126987154441163e-33
2.472750000000000000e+03 1.286212488678110058e-35 1.286212488678110058e-35 1.369847922620984601e-33 1.369847922620984601e-33
2.473000000000000000e+03 1.285695845753417290e-35 1.285695845753417290e-35 1.369568942922195913e-33 1.369568942922195913e-33
2.473250000000000000e+03 1.285179385426772501e-35 1.285179385426772501e-35 1.369290048023733365e-33 1.369290048023733365e-33
2.473500000000000000e+03 1.284663107619114775e-35 1.284663107619114775e-35 1.369011237891273697e-33 1.369011237891273697e-33
2.473750000000000000e+03 1.284147012251425695e-35 1.284147012251425695e-35 1.368732512490511954e-33 1.368732512490511954e-33
2.474000000000000000e+03 1.283631099244726935e-35 1.283631099244726935e-35 1.368453871787158060e-33 1.368453871787158060e-33
2.474250000000000000e+03 1.283115368520082933e-35 1.283115368520082933e-35 1.368175315746941613e-33 1.368175315746941613e-33
2.474500000000000000e+03 1.282599819998599020e-35 1.282599819998599020e-35 1.367896844335608803e-33 1.367896844335608803e-33
2.474750000000000000e+03 1.282084453601422222e-35 1.282084453601422222e-35 1.367618457518922753e-33 1.367618457518922753e-33
2.475000000000000000e+03 1.281569269249739389e-35 1.281569269249739389e-35 1.367340155262663180e-33 1.367340155262663180e-33
2.475250000000000000e+03 1.281054266864781742e-35 1.281054266864781742e-35 1.367061937532629644e-33 1.367061937532629644e-33
2.475500000000000000e+03 1.280539446367819520e-35 1.280539446367819520e-35 1.366783804294636586e-33 1.366783804294636586e-33
2.475750000000000000e+03 1.280024807680164392e-35 1.280024807680164392e-35 1.366505755514515724e-33 1.366505755514515724e-33
2.476000000000000000e+03 1.279510350723171058e-35 1.279510350723171058e-35 1.366227791158117934e-33 1.366227791158117934e-33
2.476250000000000000e+03 1.278996075418233241e-35 1.278996075418233241e-35 1.365949911191309660e-33 1.365949911191309660e-33
2.476500000000000000e+03 1.278481981686787962e-35 1.278481981686787962e-35 1.365672115579975646e-33 1.365672115579975646e-33
2.476750000000000000e+03 1.277968069450312335e-35 1.277968069450312335e-35 1.365394404290017061e-33 1.365394404290017061e-33
2.477000000000000000e+03 1.277454338630324098e-35 1.277454338630324098e-35 1.365116777287352005e-33 1.365116777287352005e-33
2.478000000000000000e+03 1.275401227947062630e-35 1.275401227947062630e-35 1.364007111468608855e-33 1.364007111468608855e-33
2.479000000000000000e+03 1.273351013659786282e-35 1.273351013659786282e-35 1.362898791524534784e-33 1.362898791524534784e-33
2.480000000000000000e+03 1.271303690765402117e-35 1.271303690765402117e-35 1.361791815282167976e-33 1.361791815282167976e-33
2.481000000000000000e+03 1.269259254271300319e-35 1.269259254271300319e-35 1.360686180572928412e-33 1.360686180572928412e-33
2.482000000000000000e+03 1.267217699195329066e-35 1.267217699195329066e-35 1.359581885232608287e-33 1.359581885232608287e-33
2.483000000000000000e+03 1.265179020565764324e-35 1.265179020565764324e-35 1.358478927101357129e-33 1.358478927101357129e-33
2.484000000000000000e+03 1.263143213421290879e-35 1.263143213421290879e-35 1.357377304023677183e-33 1.357377304023677183e-33
2.485000000000000000e+03 1.261110272810969720e-35 1.261110272810969720e-35 1.356277013848408353e-33 1.356277013848408353e-33
2.486000000000000000e+03 1.259080193794215860e-35 1.259080193794215860e-35 1.355178054428719656e-33 1.355178054428719656e-33
2.487000000000000000e+03 1.257052971440773481e-35 1.257052971440773481e-35 1.354080423622099293e-33 1.354080423622099293e-33
2.492000000000000000e+03 1.246959537783982394e-35 1.246959537783982394e-35 1.348612124098055706e-33 1.348612124098055706e-33
2.497000000000000000e+03 1.237034798831070517e-35 1.237034798831070517e-35 1.343177278864010413e-33 1.343177278864010413e-33
2.507000000000000000e+03 1.217661159632701411e-35 1.217661159632701411e-35 1.332406743396798173e-33 1.332406743396798173e-33
2.517000000000000000e+03 1.198555741237975422e-35 1.198555741237975422e-35 1.321764629529291096e-33 1.321764629529291096e-33
