2.442000000000000000e+03 6.585202362324441847e-35 6.585202362324441847e-35 2.123093943285892480e-33 2.123093943285892480e-33
2.447000000000000000e+03 6.533862083113408083e-35 6.533862083113408083e-35 2.114370870834070444e-33 2.114370870834070444e-33
2.452000000000000000e+03 6.482885375032583866e-35 6.482885375032583866e-35 2.105701220268808581e-33 2.105701220268808581e-33
2.457000000000000000e+03 6.432635184686169972e-35 6.432635184686169972e-35 2.097084456488614343e-33 2.097084456488614343e-33
2.462000000000000000e+03 6.383381927438722255e-35 6.383381927438722255e-35 2.088520074147604333e-33 2.088520074147604333e-33
2.467000000000000000e+03 6.334474715293560483e-35 6.334474715293560483e-35 2.080007824495218024e-33 2.080007824495218024e-33
2.468000000000000000e+03 6.324734534927977093e-35 6.324734534927977093e-35 2.078311593292822722e-33 2.078311593292822722e-33
2.469000000000000000e+03 6.315008053073833621e-35 6.315008053073833621e-35 2.076617427157976378e-33 2.076617427157976378e-33
2.470000000000000000e+03 6.305295246041222252e-35 6.305295246041222252e-35 2.074925322743514420e-33 2.074925322743514420e-33
2.471000000000000000e+03 6.295596090189996701e-35 6.295596090189996701e-35 2.073235276709048870e-33 2.073235276709048870e-33
2.472000000000000000e+03 6.285910561929637511e-35 6.285910561929637511e-35 2.071547285720947474e-33 2.071547285720947474e-33
2.472250000000000000e+03 6.283491306415824607e-35 6.283491306415824607e-35 2.071125608684899128e-33 2.071125608684899128e-33
2.472500000000000000e+03 6.281072900787542847e-35 6.281072900787542847e-35 2.070704059829369513e-33 2.070704059829369513e-33
2.472750000000000000e+03 6.278655344677637752e-35 6.278655344677637752e-35 2.070282639102466454e-33 2.070282639102466454e-33
2.473000000000000000e+03 6.276238637719152624e-35 6.276238637719152624e-35 2.069861346452326854e-33 2.069861346452326854e-33
2.473250000000000000e+03 6.273822779545317862e-35 6.273822779545317862e-35 2.069440181827111224e-33 2.069440181827111224e-33
2.473500000000000000e+03 6.271407769789557371e-35 6.271407769789557371e-35 2.069019145175008126e-33 2.069019145175008126e-33
2.473750000000000000e+03 6.268993608085492840e-35 6.268993608085492840e-35 2.068598236444232807e-33 2.068598236444232807e-33
2.474000000000000000e+03 6.266580294066927707e-35 6.266580294066927707e-35 2.068177455583024465e-33 2.068177455583024465e-33
2.474250000000000000e+03 6.264167827367867472e-35 6.264167827367867472e-35 2.067756802539650347e-33 2.067756802539650347e-33
2.474500000000000000e+03 6.261756207622510072e-35 6.261756207622510072e-35 2.067336277262403705e-33 2.067336277262403705e-33
2.474750000000000000e+03 6.259345434465236262e-35 6.259345434465236262e-35 2.066915879699602761e-33 2.066915879699602761e-33
2.475000000000000000e+03 6.256935507530620307e-35 6.256935507530620307e-35 2.066495609799591742e-33 2.066495609799591742e-33
2.475250000000000000e+03 6.254526426453437461e-35 6.254526426453437461e-35 2.066075467510743608e-33 2.066075467510743608e-33
2.475500000000000000e+03 6.252118190868647934e-35 6.252118190868647934e-35 2.065655452781455614e-33 2.065655452781455614e-33
2.475750000000000000e+03 6.249710800411395824e-35 6.249710800411395824e-35 2.065235565560148958e-33 2.065235565560148958e-33
2.476000000000000000e+03 6.247304254717033703e-35 6.247304254717033703e-35 2.064815805795274607e-33 2.064815805795274607e-33
2.476250000000000000e+03 6.244898553421089476e-35 6.244898553421089476e-35 2.064396173435307128e-33 2.064396173435307128e-33
2.476500000000000000e+03 6.242493696159293111e-35 6.242493696159293111e-35 2.063976668428748464e-33 2.063976668428748464e-33
2.476750000000000000e+03 6.240089682567559529e-35 6.240089682567559529e-35 2.063557290724126894e-33 2.063557290724126894e-33
2.477000000000000000e+03 6.237686512281989676e-35 6.237686512281989676e-35 2.063138040269993623e-33 2.063138040269993623e-33
2.478000000000000000e+03 6.228082256930217327e-35 6.228082256930217327e-35 2.061462309930334075e-33 2.061462309930334075e-33
2.479000000000000000e+03 6.218491465415218366e-35 6.218491465415218366e-35 2.059788611489526123e-33 2.059788611489526123e-33
2.480000000000000000e+03 6.208914114539158065e-35 6.208914114539158065e-35 2.058116941667428388e-33 2.058116941667428388e-33
2.481000000000000000e+03 6.199350181152739103e-35 6.199350181152739103e-35 2.056447297190512205e-33 2.056447297190512205e-33
2.482000000000000000e+03 6.189799642155086103e-35 6.189799642155086103e-35 2.054779674791851369e-33 2.054779674791851369e-33
2.483000000000000000e+03 6.180262474493613063e-35 6.180262474493613063e-35 2.053114071211094759e-33 2.053114071211094759e-33
2.484000000000000000e+03 6.170738655163922857e-35 6.170738655163922857e-35 2.051450483194460868e-33 2.051450483194460868e-33
2.485000000000000000e+03 6.161228161209674673e-35 6.161228161209674673e-35 2.049788907494717619e-33 2.049788907494717619e-33
2.486000000000000000e+03 6.151730969722462126e-35 6.151730969722462126e-35 2.048129340871165254e-33 2.048129340871165254e-33
2.487000000000000000e+03 6.142247057841711700e-35 6.142247057841711700e-35 2.046471780089623681e-33 2.046471780089623681e-33
2.492000000000000000e+03 6.095025895747311149e-35 6.095025895747311149e-35 2.038213951070050054e-33 2.038213951070050054e-33
2.497000000000000000e+03 6.048540260701356386e-35 6.048540260701356386e-35 2.030005688846582998e-33 2.030005688846582998e-33
2.507000000000000000e+03 5.957648824456898337e-35 5.957648824456898337e-35 2.013736308399135771e-33 2.013736308399135771e-33
2.517000000000000000e+03 5.868008012053234806e-35 5.868008012053234806e-35 1.997660880620555668e-33 1.997660880620555668e-33
