2.442000000000000000e+03 4.283823634014584311e-35 4.283823634014584311e-35 1.884260221603755066e-33 1.884260221603755066e-33
2.447000000000000000e+03 4.250061284762327621e-35 4.250061284762327621e-35 1.876505096655305346e-33 1.876505096655305346e-33
2.452000000000000000e+03 4.216538415467866242e-35 4.216538415467866242e-35 1.868797492683863108e-33 1.868797492683863108e-33
2.457000000000000000e+03 4.183509353224220753e-35 4.183509353224220753e-35 1.861137379941073039e-33 1.861137379941073039e-33
2.462000000000000000e+03 4.151163617688168664e-35 4.151163617688168664e-35 1.853524642294511017e-33 1.853524642294511017e-33
2.467000000000000000e+03 4.119045474262078620e-35 4.119045474262078620e-35 1.845958268572237338e-33 1.845958268572237338e-33
2.468000000000000000e+03 4.112648983323102463e-35 4.112648983323102463e-35 1.844450524411364678e-33 1.844450524411364678e-33
2.469000000000000000e+03 4.106261501769287784e-35 4.106261501769287784e-35 1.842944616802481726e-33 1.842944616802481726e-33
2.470000000000000000e+03 4.099883014010620936e-35 4.099883014010620936e-35 1.841440542768040328e-33 1.841440542768040328e-33
2.471000000000000000e+03 4.093513504489848352e-35 4.093513504489848352e-35 1.839938299336521405e-33 1.839938299336521405e-33
2.472000000000000000e+03 4.087152957682382994e-35 4.087152957682382994e-35 1.838437883542417503e-33 1.838437883542417503e-33
2.472250000000000000e+03 4.085564219588288833e-35 4.085564219588288833e-35 1.838063064815288721e-33 1.838063064815288721e-33
2.472500000000000000e+03 4.083976040453626091e-35 4.083976040453626091e-35 1.837688360084316525e-33 1.837688360084316525e-33
2.472750000000000000e+03 4.082388420036773094e-35 4.082388420036773094e-35 1.837313769303340515e-33 1.837313769303340515e-33
2.473000000000000000e+03 4.080801358096243414e-35 4.080801358096243414e-35 1.836939292426223213e-33 1.836939292426223213e-33
2.473250000000000000e+03 4.079214854390669826e-35 4.079214854390669826e-35 1.836564929406851431e-33 1.836564929406851431e-33
2.473500000000000000e+03 4.077628908678816071e-35 4.077628908678816071e-35 1.836190680199132850e-33 1.836190680199132850e-33
2.473750000000000000e+03 4.076043520719572579e-35 4.076043520719572579e-35 1.835816544757003545e-33 1.835816544757003545e-33
2.474000000000000000e+03 4.074458690271952192e-35 4.074458690271952192e-35 1.835442523034416015e-33 1.835442523034416015e-33
2.474250000000000000e+03 4.072874417095099789e-35 4.072874417095099789e-35 1.835068614985352521e-33 1.835068614985352521e-33
2.474500000000000000e+03 4.071290700948285331e-35 4.071290700948285331e-35 1.834694820563815509e-33 1.834694820563815509e-33
2.474750000000000000e+03 4.069707541590901729e-35 4.069707541590901729e-35 1.834321139723830006e-33 1.834321139723830006e-33
2.475000000000000000e+03 4.068124938782468581e-35 4.068124938782468581e-35 1.833947572419444985e-33 1.833947572419444985e-33
2.475250000000000000e+03 4.066542892282637520e-35 4.066542892282637520e-35 1.833574118604734052e-33 1.833574118604734052e-33
2.475500000000000000e+03 4.064961401851179921e-35 4.064961401851179921e-35 1.833200778233792709e-33 1.833200778233792709e-33
2.475750000000000000e+03 4.063380467247992776e-35 4.063380467247992776e-35 1.832827551260737667e-33 1.832827551260737667e-33
2.476000000000000000e+03 4.061800088233104578e-35 4.061800088233104578e-35 1.832454437639714378e-33 1.832454437639714378e-33
2.476250000000000000e+03 4.060220264566666234e-35 4.060220264566666234e-35 1.832081437324885053e-33 1.832081437324885053e-33
2.476500000000000000e+03 4.058640996008953201e-35 4.058640996008953201e-35 1.831708550270440303e-33 1.831708550270440303e-33
2.476750000000000000e+03 4.057062282320369761e-35 4.057062282320369761e-35 1.831335776430590236e-33 1.831335776430590236e-33
2.477000000000000000e+03 4.055484123261441543e-35 4.055484123261441543e-35 1.830963115759569595e-33 1.830963115759569595e-33
2.478000000000000000e+03 4.049177028537252678e-35 4.049177028537252678e-35 1.829473603849282822e-33 1.829473603849282822e-33
2.479000000000000000e+03 4.042878788762424457e-35 4.042878788762424457e-35 1.827985898985040365e-33 1.827985898985040365e-33
2.480000000000000000e+03 4.036589388670872160e-35 4.036589388670872160e-35 1.826499998248925547e-33 1.826499998248925547e-33
2.481000000000000000e+03 4.030308813028467178e-35 4.030308813028467178e-35 1.825015898728905709e-33 1.825015898728905709e-33
2.482000000000000000e+03 4.024037046632956293e-35 4.024037046632956293e-35 1.823533597518819550e-33 1.823533597518819550e-33
2.483000000000000000e+03 4.017774074313873478e-35 4.017774074313873478e-35 1.822053091718358653e-33 1.822053091718358653e-33
2.484000000000000000e+03 4.011519880932476820e-35 4.011519880932476820e-35 1.820574378433058933e-33 1.820574378433058933e-33
2.485000000000000000e+03 4.005274451381658178e-35 4.005274451381658178e-35 1.819097454774282845e-33 1.819097454774282845e-33
2.486000000000000000e+03 3.999037770585866213e-35 3.999037770585866213e-35 1.817622317859204335e-33 1.817622317859204335e-33
2.487000000000000000e+03 3.992809823501037423e-35 3.992809823501037423e-35 1.816148964810799940e-33 1.816148964810799940e-33
2.492000000000000000e+03 3.961800569392852251e-35 3.961800569392852251e-35 1.808808857277184405e-33 1.808808857277184405e-33
2.497000000000000000e+03 3.931268686705802699e-35 3.931268686705802699e-35 1.801513319033104501e-33 1.801513319033104501e-33
2.507000000000000000e+03 3.871555480380973155e-35 3.871555480380973155e-35 1.787054427352183304e-33 1.787054427352183304e-33
2.517000000000000000e+03 3.812665240338217251e-35 3.812665240338217251e-35 1.772767986647420977e-33 1.772767986647420977e-33
