2.442000000000000000e+03 4.788091214137444433e-35 4.788091214137444433e-35 1.300054698487992427e-33 1.241396648823775129e-33
2.447000000000000000e+03 4.749158566130547877e-35 4.749158566130547877e-35 1.267074176484426823e-33 1.200604515298431522e-33
2.452000000000000000e+03 4.710503333547945879e-35 4.710503333547945879e-35 1.228122739359004462e-33 1.149382360855688883e-33
2.457000000000000000e+03 4.672356064387966513e-35 4.672356064387966513e-35 1.177651170936255880e-33 1.082011176481011594e-33
2.462000000000000000e+03 4.389064554306365476e-35 3.922829568924789116e-35 1.107241024774091795e-33 9.850384682552433202e-34
2.467000000000000000e+03 4.173996848576161619e-35 3.486891862085755652e-35 9.784948867028290482e-34 7.900053398519473760e-34
2.468000000000000000e+03 3.544278168362746853e-35 3.551545543504143046e-35 9.340389493083619693e-34 7.243139944357858325e-34
2.469000000000000000e+03 3.054004214081147891e-35 3.916671126989342517e-35 8.667010025677129016e-34 6.419155860899495074e-34
2.470000000000000000e+03 4.296291745639309917e-35 4.034183241517959718e-35 7.729748282309552238e-34 5.279475861436676092e-34
2.471000000000000000e+03 6.614640863941577712e-35 5.382430601441665034e-35 6.224514333315501304e-34 3.559494986216035091e-34
2.472000000000000000e+03 1.868504682721736090e-34 9.690539776862002573e-35 3.352228732276480409e-34 7.926391969537925467e-35
2.472250000000000000e+03 3.152688665538829547e-34 1.101053284889489149e-34 1.820118862696806832e-34 -2.189133003010871201e-35
2.472500000000000000e+03 5.929491507473427966e-34 9.781003683982625151e-35 8.312340852200836197e-35 -1.722408287151468058e-34
2.472750000000000000e+03 9.866743587040082976e-34 1.122036194966006057e-34 1.949107253479749077e-34 -4.298461312279931342e-34
2.473000000000000000e+03 1.205399379141091635e-33 2.754543239314410432e-34 5.310853417589199290e-34 -7.886672761420367104e-34
2.473250000000000000e+03 1.116515797289745126e-33 6.888665543958561416e-34 8.565646258937190747e-34 -1.147332276928426664e-33
2.473500000000000000e+03 9.186715799242730464e-34 1.375787229541334917e-33 9.854754083253321129e-34 -1.344091329203857065e-33
2.473750000000000000e+03 8.469804759797665138e-34 2.286638552747544497e-33 9.952508382315823867e-34 -1.147704458179887585e-33
2.474000000000000000e+03 8.565596268138873250e-34 3.060323818148715093e-33 1.045627596749398151e-33 -4.118730265444949950e-34
2.474250000000000000e+03 7.998671866568599429e-34 3.234684671746086045e-33 1.137522791730109529e-33 6.322728545888308111e-34
2.474500000000000000e+03 6.754103116757717541e-34 2.767706705881920113e-33 1.175006315811691069e-33 1.509300760840691398e-33
2.474750000000000000e+03 5.891168292758094407e-34 1.988769646803032161e-33 1.141964813314006408e-33 1.873969519491608354e-33
2.475000000000000000e+03 5.597092955940209876e-34 1.418733188469420988e-33 1.091249673931914692e-33 1.783829070637566282e-33
2.475250000000000000e+03 5.700553328993905717e-34 1.173463487456299721e-33 1.063340060894134442e-33 1.547269242876790970e-33
2.475500000000000000e+03 5.674508289379455309e-34 1.152837146655617173e-33 1.051473497076031056e-33 1.385358277324296732e-33
2.475750000000000000e+03 5.802844544914262252e-34 1.162117886930868727e-33 1.047663821884832917e-33 1.338856515345915396e-33
2.476000000000000000e+03 5.734394613380637177e-34 1.151209404885202977e-33 1.045645797880015993e-33 1.345761598993890015e-33
2.476250000000000000e+03 5.834988105522410481e-34 1.123427835984127400e-33 1.038977498057994350e-33 1.371661093468677272e-33
2.476500000000000000e+03 5.935002996782333702e-34 1.075302903758771076e-33 1.036508489602066772e-33 1.400419380241920414e-33
2.476750000000000000e+03 6.165642976449421518e-34 1.010810518655546911e-33 1.042881808111704405e-33 1.410488965051997123e-33
2.477000000000000000e+03 6.327269996441528374e-34 9.752153188414325773e-34 1.065787458216843633e-33 1.418312362154146907e-33
2.478000000000000000e+03 6.119751856346021152e-34 7.340424030392134462e-34 1.123458163052847245e-33 1.363924425735682517e-33
2.479000000000000000e+03 5.959398027125231713e-34 7.003706213567637917e-34 1.148518795464083547e-33 1.225986431874320755e-33
2.480000000000000000e+03 5.977010257622444841e-34 7.745513459469203792e-34 1.171493720055267929e-33 1.172422077739791552e-33
2.481000000000000000e+03 5.957954469870293912e-34 8.280029836408499325e-34 1.203744564129649457e-33 1.208136227902797208e-33
2.482000000000000000e+03 5.830072178072064898e-34 8.148812405740932944e-34 1.237927605886147832e-33 1.253304389221364533e-33
2.483000000000000000e+03 5.601998160221775011e-34 8.167755718236575467e-34 1.268645880102238384e-33 1.284524513459269796e-33
2.484000000000000000e+03 5.201890919662517877e-34 8.113564448940143641e-34 1.281780682221927119e-33 1.325145078999738833e-33
2.485000000000000000e+03 4.943449127589404820e-34 7.875824640780013470e-34 1.274021207630075795e-33 1.360035429556503677e-33
2.486000000000000000e+03 4.851235440400350565e-34 7.714931612857450474e-34 1.258843090432931481e-33 1.386940270747433940e-33
2.487000000000000000e+03 5.014925259057541067e-34 7.573703002527896467e-34 1.258215750285269428e-33 1.421470598870920547e-33
2.492000000000000000e+03 4.798929155649749428e-34 5.745663017687148229e-34 1.289937298400390183e-33 1.470461412456403412e-33
2.497000000000000000e+03 4.689287212675636522e-34 5.370303893065413323e-34 1.306856718093919965e-33 1.446491049669351578e-33
2.507000000000000000e+03 4.472507620505537570e-34 4.628414065419993456e-34 1.333078528405996698e-33 1.444140391738287174e-33
2.517000000000000000e+03 4.366292978911422808e-34 4.366292978911423663e-34 1.343953130038448077e-33 1.410214750269000605e-33
